100
....................................................................................................
10
98
1 33
2 16
3 8
4 73
5 88
6 41
7 65
8 44
9 82
10 88
11 49
12 79
13 44
14 25
15 85
16 32
17 71
18 100
19 92
20 78
21 60
22 30
23 49
24 27
25 100
26 97
27 79
28 50
29 59
30 37
31 49
32 41
33 64
34 70
35 92
36 93
37 100
38 60
39 93
40 91
41 71
42 97
43 62
44 96
45 76
46 48
47 50
48 49
49 84
50 81
51 76
52 54
53 55
54 70
55 99
56 66
57 85
58 80
59 100
60 67
61 95
62 83
63 69
64 99
65 90
66 85
67 97
68 69
69 81
70 79
71 80
72 93
73 77
74 87
75 87
76 91
77 100
78 90
79 90
80 84
81 94
82 96
83 100
84 100
85 96
86 95
87 92
88 93
89 97
90 99
91 100
92 94
93 100
94 99
95 96
96 97
97 100
98 100